# Created by Octave 7.3.0, Sat Nov 16 17:50:09 2024 GMT <unknown@user>
# name: Home
# type: uint8 matrix
# ndims: 3
 19 19 3
 240
 240
 240
 240
 240
 239
 244
 255
 254
 242
 240
 240
 240
 240
 240
 240
 240
 240
 240
 240
 240
 240
 240
 240
 247
 254
 143
 188
 254
 242
 243
 243
 243
 243
 241
 239
 240
 240
 240
 240
 240
 240
 239
 255
 184
 64
 215
 236
 223
 224
 224
 224
 223
 238
 248
 243
 240
 240
 240
 240
 240
 245
 226
 73
 168
 155
 72
 74
 75
 75
 75
 73
 93
 220
 253
 240
 240
 240
 240
 242
 252
 112
 116
 186
 64
 147
 164
 163
 163
 163
 165
 87
 138
 255
 240
 240
 240
 243
 255
 168
 74
 208
 81
 128
 196
 192
 192
 192
 193
 198
 112
 127
 254
 240
 240
 239
 249
 220
 67
 184
 131
 87
 189
 190
 189
 191
 190
 186
 191
 109
 128
 255
 240
 240
 241
 242
 99
 132
 188
 65
 167
 192
 189
 191
 169
 91
 75
 78
 61
 133
 255
 240
 240
 253
 157
 84
 213
 81
 130
 194
 189
 189
 193
 102
 108
 193
 195
 109
 128
 255
 240
 240
 252
 97
 162
 171
 65
 185
 191
 189
 189
 192
 88
 166
 255
 255
 142
 125
 255
 240
 240
 253
 159
 83
 211
 81
 130
 194
 189
 189
 193
 102
 108
 193
 194
 109
 128
 255
 240
 240
 241
 242
 102
 131
 187
 64
 167
 193
 189
 191
 170
 92
 75
 77
 60
 133
 255
 240
 240
 239
 253
 213
 67
 184
 131
 87
 189
 190
 189
 191
 190
 186
 191
 109
 128
 255
 240
 240
 251
 189
 87
 64
 79
 208
 81
 128
 197
 192
 192
 192
 193
 198
 112
 127
 255
 240
 240
 255
 126
 78
 135
 74
 120
 185
 64
 148
 165
 162
 162
 162
 165
 87
 137
 255
 240
 240
 255
 180
 75
 78
 76
 56
 170
 155
 72
 74
 74
 74
 74
 72
 93
 219
 252
 240
 240
 243
 245
 227
 222
 234
 177
 66
 215
 236
 222
 223
 223
 223
 223
 238
 247
 242
 240
 240
 240
 240
 242
 242
 248
 254
 143
 188
 255
 242
 243
 243
 243
 243
 241
 240
 240
 240
 240
 240
 240
 240
 240
 239
 244
 255
 255
 247
 239
 240
 240
 240
 240
 240
 240
 240
 240
 240
 240
 240
 240
 240
 239
 244
 255
 254
 242
 240
 240
 240
 240
 240
 240
 240
 240
 240
 240
 240
 240
 240
 240
 247
 253
 196
 220
 251
 240
 241
 241
 241
 241
 240
 239
 240
 240
 240
 240
 240
 240
 239
 253
 218
 154
 235
 243
 233
 234
 234
 233
 234
 242
 247
 243
 240
 240
 240
 240
 240
 243
 238
 159
 210
 202
 159
 160
 160
 160
 160
 159
 170
 237
 251
 239
 240
 240
 240
 241
 253
 179
 182
 219
 154
 198
 207
 206
 206
 206
 207
 166
 193
 253
 240
 240
 240
 243
 254
 209
 159
 231
 163
 188
 223
 221
 221
 221
 221
 224
 179
 188
 251
 239
 240
 239
 247
 237
 156
 218
 190
 166
 219
 220
 219
 220
 220
 218
 221
 178
 188
 252
 239
 240
 241
 244
 172
 190
 220
 154
 209
 221
 219
 220
 209
 169
 160
 161
 153
 191
 252
 239
 240
 251
 203
 165
 233
 163
 189
 222
 219
 219
 221
 174
 178
 223
 223
 179
 188
 252
 239
 240
 252
 172
 206
 211
 155
 217
 220
 219
 219
 221
 167
 208
 255
 255
 196
 187
 252
 239
 240
 250
 203
 164
 232
 164
 189
 222
 219
 219
 221
 174
 178
 223
 224
 179
 188
 252
 239
 240
 240
 244
 174
 189
 220
 155
 208
 221
 219
 220
 209
 169
 161
 162
 153
 191
 252
 239
 240
 239
 250
 233
 156
 218
 190
 166
 219
 219
 219
 220
 220
 218
 221
 178
 188
 252
 239
 240
 248
 219
 168
 155
 162
 230
 163
 188
 223
 221
 221
 221
 221
 224
 180
 188
 252
 239
 240
 254
 187
 162
 191
 160
 184
 218
 154
 198
 207
 206
 206
 206
 208
 166
 193
 253
 240
 240
 253
 216
 160
 162
 161
 151
 211
 202
 159
 160
 160
 160
 160
 159
 170
 237
 251
 240
 240
 243
 245
 235
 232
 242
 215
 155
 235
 242
 232
 233
 233
 233
 233
 241
 246
 243
 240
 240
 240
 240
 241
 241
 247
 253
 196
 219
 252
 241
 241
 241
 241
 241
 240
 240
 240
 240
 240
 240
 240
 240
 240
 239
 244
 255
 255
 247
 239
 240
 240
 240
 240
 240
 240
 240
 240
 240
 240
 240
 240
 240
 239
 243
 253
 251
 242
 240
 240
 240
 240
 240
 240
 240
 240
 240
 240
 240
 240
 240
 240
 246
 250
 234
 241
 247
 240
 240
 240
 240
 240
 240
 239
 240
 240
 240
 240
 240
 240
 239
 249
 240
 224
 244
 245
 239
 239
 239
 239
 239
 242
 245
 243
 240
 240
 240
 240
 240
 241
 244
 226
 238
 235
 225
 226
 226
 226
 226
 225
 228
 247
 249
 240
 240
 240
 240
 241
 250
 230
 231
 241
 225
 243
 248
 247
 247
 247
 247
 229
 234
 249
 240
 240
 240
 243
 250
 238
 226
 243
 226
 237
 255
 255
 255
 255
 255
 255
 235
 232
 248
 239
 240
 240
 244
 245
 224
 240
 234
 230
 253
 255
 255
 255
 254
 253
 254
 234
 233
 248
 239
 240
 240
 244
 229
 233
 240
 226
 246
 255
 255
 255
 247
 230
 228
 228
 226
 233
 248
 239
 240
 247
 236
 227
 244
 227
 239
 255
 255
 255
 255
 233
 229
 242
 242
 229
 233
 248
 239
 240
 248
 229
 237
 238
 225
 251
 255
 255
 255
 255
 231
 238
 255
 255
 234
 232
 248
 239
 240
 247
 236
 227
 244
 227
 240
 255
 255
 255
 255
 233
 230
 242
 243
 230
 233
 248
 239
 240
 240
 244
 231
 234
 239
 225
 247
 255
 255
 255
 247
 230
 227
 228
 226
 234
 248
 239
 240
 239
 246
 245
 224
 240
 234
 229
 252
 255
 255
 255
 254
 254
 254
 234
 233
 248
 240
 240
 246
 240
 227
 225
 227
 244
 227
 238
 255
 255
 255
 255
 255
 255
 235
 232
 248
 240
 240
 250
 233
 229
 238
 228
 231
 239
 225
 244
 248
 248
 248
 248
 248
 230
 233
 249
 240
 240
 250
 239
 226
 227
 227
 225
 238
 235
 225
 226
 226
 226
 226
 225
 228
 246
 248
 240
 240
 242
 243
 240
 238
 245
 239
 224
 245
 244
 238
 238
 238
 238
 239
 242
 244
 242
 240
 240
 240
 240
 240
 240
 245
 250
 234
 240
 248
 240
 240
 240
 240
 240
 240
 240
 240
 240
 240
 240
 240
 240
 240
 239
 243
 252
 252
 247
 239
 240
 240
 240
 240
 240
 240
 240
 240


